-2.086881439598	1.336291622496
-2.031019466044	1.578291375259
-2.273309654576	1.132376988247
-1.892512506814	1.82328311073
-2.112968073657	0.8743800839986
-2.377451233433	0.7856186871111
-1.967222778579	1.085704567037
-1.861994794597	0.9272936444114
-2.037918973308	0.09575423719674
-2.263205530441	0.1526530328776
-2.008792131336	0.2575777792155
-2.527391386212	0.1019619564625
-1.981506093921	0.6691553336271
-2.182031664714	0.6124009239541
-2.456763679803	0.4359656168832
-2.189337320535	0.4196157518528
-1.919024677027	-1.816667161337
-2.024697689868	-1.496018509458
-2.34290143643	-0.984927672324
-2.162324250574	-1.249277277112
-1.911201439987	-0.8293405596141
-2.451793691158	-0.6042881742954
-2.079377797726	-0.948703292443
-1.934818138038	-1.120418451556
-2.046832510186	-0.07941392588535
-2.270370701319	-0.06837607242718
-2.036877723944	-0.2510276384289
-2.494250906803	-0.220713891174
-1.940384735189	-0.6671216123755
-2.18889288043	-0.6644001807081
-2.22536583761	-0.3588791664852
-2.090118862317	-0.4878681547321
-1.561597624393	2.053341728112
-1.591831610447	1.795676004323
-1.762062652572	1.345827391573
-1.713629991894	1.572418225733
-1.679771375399	0.7196820091069
-1.650044910117	0.8082008902113
-1.731733274007	1.148023699862
-1.684806520049	0.9687919180439
-1.839251767629	0.08030057260376
-1.683463390956	0.08046106450625
-1.84256064896	0.2582732306794
-1.678894839845	0.247068557485
-1.799174575537	0.6011076463424
-1.652724687489	0.5233353101878
-1.86544053438	0.4382909269744
-1.667698651563	0.3948722107989
-1.561841465728	-2.09512778903
-1.58134130621	-1.804099861075
-1.730712812038	-1.353411628212
-1.702882215275	-1.571924195305
-1.695421492038	-0.7532259241308
-1.668080940926	-0.8811989570859
-1.678441976241	-1.175389689521
-1.712630301038	-1.02885324889
-1.844342021508	-0.08492308969549
-1.683063097182	-0.08594568796756
-1.85048322639	-0.2576717908523
-1.675425950111	-0.2454756283794
-1.76242199002	-0.6013685640135
-1.647096664413	-0.5268823180472
-1.842122170942	-0.4267706501644
-1.662689153594	-0.3920087551439
-1.052978262825	2.340580493251
-1.283402074821	1.856252774651
-1.317335645961	1.301778531374
-1.307662229628	1.463945083301
-1.299328984398	0.7431810336918
-1.30744840502	0.8578988554918
-1.320540323808	1.149012677784
-1.31762639562	1.002528381004
-1.284604107003	0.07196318406486
-1.246197276991	0.07325501689154
-1.282327443907	0.2252359852918
-1.250069559708	0.2227663352887
-1.295292002083	0.5939441007366
-1.278314646141	0.5451487519881
-1.289849339093	0.3815053406178
-1.269227086805	0.4034356824493
-1.004041974105	-2.343080676604
-1.315780993755	-1.687916997848
-1.303170516312	-1.315563752691
-1.307310554543	-1.49042632754
-1.304903795971	-0.7612099761977
-1.304921951104	-0.867447234462
-1.302094022893	-1.156633492343
-1.302799908079	-1.010371531973
-1.284642603369	-0.07622970620337
-1.246965160078	-0.07825027483308
-1.282087107982	-0.2319741504184
-1.251555636454	-0.2278394985168
-1.304624100609	-0.6187291493423
-1.293344630129	-0.5618613951536
-1.292149428791	-0.3893248742508
-1.278501129705	-0.4186206815696
-1.296273528085	2.166562926585
-1.411383455198	1.692789841639
-1.52706088603	1.319677373212
-1.495248839725	1.504976409636
-1.459952788996	0.727653985121
-1.47742291081	0.837603327793
-1.515810738249	1.150121499002
-1.496559636899	0.9933171029707
-1.429910177342	0.07220788305311
-1.534386833442	0.07494958746025
-1.428829753812	0.2190228741614
-1.524415769971	0.2250986098181
-1.449398728439	0.5932361271449
-1.496165748644	0.5329322614598
-1.426376425828	0.3669856714036
-1.490511741499	0.3868145742029
-1.232066881259	-2.131991731898
-1.332121267655	-1.892788846823
-1.495197815037	-1.329856330066
-1.499430344845	-1.512632494221
-1.487108807	-0.7519080269719
-1.487464369727	-0.871828876628
-1.487433521261	-1.160858108217
-1.478938546394	-1.01465010148
-1.429317597871	-0.07423834528082
-1.531874394943	-0.07760966531376
-1.428554764512	-0.2235864578665
-1.520793597231	-0.2261890537779
-1.467532491288	-0.6224600918889
-1.495970850637	-0.5439385373879
-1.427835473802	-0.3684295041734
-1.485249254621	-0.3948858866025
-0.7811110542733	2.041734377364
-0.7459241982293	1.834162524914
-0.7549971605193	1.276913291203
-0.7363219356883	1.411833625091
-0.7745022679738	0.7613107902112
-0.7754986036987	0.848838580561
-0.7676250054161	1.120925637748
-0.7745203703631	0.9869611604954
-0.7547712282845	0.07791852805158
-0.7531872349775	0.07985176873247
-0.7563281313477	0.2494910869927
-0.7560760293779	0.2444834324889
-0.7696433024718	0.6198552931116
-0.7672920230863	0.5773759835051
-0.7604494147596	0.410696930003
-0.7623128934967	0.4261216319829
-0.7752403759123	-1.942577686994
-0.729353236003	-1.731616940231
-0.7529270262769	-1.301550400804
-0.7373242799212	-1.479609106781
-0.7678132999166	-0.7654382412578
-0.7684549861006	-0.856766091274
-0.7624726010977	-1.13632995367
-0.7674701716887	-0.9965277131994
-0.7534145992469	-0.0869798630717
-0.7548636648644	-0.08881966659812
-0.7566199542719	-0.2571841826612
-0.7552066933085	-0.2523324074038
-0.7646368294889	-0.6245694501198
-0.7629584308044	-0.5812282533404
-0.7583168279195	-0.4165828339509
-0.7601289460335	-0.4318577854278
-0.7166849935931	2.286010455993
-0.7846949086948	1.664486429431
-0.8635323356998	1.281400720565
-0.8072399399221	1.488268588318
-0.8736418472792	0.7605227616236
-0.8752176947628	0.8523339012951
-0.8691610539857	1.128385806253
-0.8741024899852	0.9915724360422
-0.8363412246856	0.07747270552628
-0.8357885310798	0.07931475873997
-0.8409068921514	0.2477624848874
-0.8401810382908	0.2422250023126
-0.864874013106	0.6191235251169
-0.8617716844808	0.5741912162402
-0.8496369379487	0.4072486251811
-0.8512094727378	0.4237524918933
-0.6744848987729	-2.240470978333
-0.8382268025541	-1.677365526416
-0.8495273512871	-1.302834538321
-0.8384867740731	-1.497358219743
-0.8651667330225	-0.7660714845477
-0.8652408373271	-0.8596336506624
-0.8563769629435	-1.141348975043
-0.8626983134233	-1.000307938249
-0.8374101719752	-0.08649244334548
-0.8375254142542	-0.08854885361243
-0.8437335845666	-0.2564498164918
-0.8431933067052	-0.2512229052803
-0.860865913945	-0.6249385830897
-0.8591482440033	-0.58044949646
-0.8512038891573	-0.4151922771257
-0.8523431713441	-0.4312031668407
-1.001912948484	2.081162095443
-1.154056878246	1.673812948089
-1.138009993411	1.304646022904
-1.139558519306	1.485610162952
-1.149653212267	0.7529206941693
-1.153588278444	0.8594406771504
-1.148816614402	1.144978062263
-1.1547305938	1.001824719112
-1.096621005564	0.0740739710934
-1.106386711913	0.07556658226628
-1.105604743943	0.2388901595593
-1.113029663876	0.2320980171992
-1.135907241083	0.6125877054154
-1.133180052338	0.5588085072123
-1.115560027265	0.3915398014777
-1.122674184709	0.4093864963462
-0.9187858615306	-2.092216183429
-1.140533572484	-1.673685593535
-1.134480043496	-1.310982025617
-1.131686031536	-1.487169442934
-1.145256982536	-0.7643678843805
-1.144948409526	-0.8657032794125
-1.138437134368	-1.15143248942
-1.14254379934	-1.008014857532
-1.097218455476	-0.08112577127944
-1.107414753765	-0.08225436791196
-1.110070411424	-0.248775918922
-1.11605095984	-0.2409034829583
-1.139730808902	-0.6255903688963
-1.139121011234	-0.5726048637605
-1.123508399214	-0.4040317461903
-1.129670008286	-0.4233627633731
-1.005303385177	1.878358027123
-0.9664759779294	1.682242169856
-0.9939331934528	1.304775672741
-0.9727815125086	1.487787966357
-1.012686806128	0.7585205696228
-1.014996808647	0.8568869733667
-1.008556396861	1.135437509893
-1.013668316915	0.9967000008124
-0.9740730969999	0.07666318380308
-0.9726650163452	0.078712513796
-0.9788427516063	0.2433123546706
-0.9777415094724	0.2380263130594
-1.003641076352	0.6172530533465
-0.999709806976	0.5679686844627
-0.9871899328908	0.4004786172191
-0.9892923427057	0.4188196658511
-1.049375750698	-1.921509644939
-0.9910604482875	-1.714147499058
-0.9890548993155	-1.308382400271
-0.9845299259522	-1.486122685362
-1.005114621942	-0.7661124646842
-1.005329912259	-0.8634257846692
-0.9973237766052	-1.146396070696
-1.002611633403	-1.004742276555
-0.9740169052316	-0.08519154558298
-0.975091825468	-0.08724587856771
-0.9821572916087	-0.2537421032858
-0.9810004992662	-0.2481620126518
-1.001415417399	-0.6253763201168
-0.9993921808139	-0.5777069368257
-0.9905506301407	-0.4116812759734
-0.9921125383673	-0.4295229886412
-0.0571589834564	2.034173836339
-0.08674294886951	1.829454984887
-0.1012323005127	1.2752725726
-0.1115215906663	1.41621342515
-0.075283156662	0.7526440979868
-0.07628676089815	0.8369956253666
-0.08617425785249	1.102347647324
-0.07969956519551	0.9759021079054
-0.08112662057119	0.08034002121584
-0.08111847667531	0.08198905133945
-0.08091317800916	0.2474241718632
-0.08057013650471	0.2432121428614
-0.07705273971419	0.6102555506533
-0.07783158654269	0.5713994008953
-0.07962485408542	0.406850104938
-0.07956945738514	0.4202842024671
-0.06021753383252	-2.036119254865
-0.08064299618058	-1.83083344145
-0.08252223043772	-1.271608987217
-0.09056733822666	-1.413553740811
-0.07607209159904	-0.7589667795609
-0.07482549354941	-0.8448686312361
-0.07380670105966	-1.104569649657
-0.07308498516173	-0.9817137819528
-0.080753351535	-0.08131035778609
-0.08110481945579	-0.08288327225743
-0.08043670534968	-0.2490626762925
-0.08038319044529	-0.2443247587493
-0.07793487358705	-0.616074176352
-0.07852301485052	-0.5745164009566
-0.07972637633871	-0.4086637746757
-0.0794598449906	-0.4232590899457
-0.04826596149134	2.251299560645
-0.1039043748975	1.654541645032
-0.09970726785117	1.247146522418
-0.1108222053324	1.497393827484
-0.07778108212356	0.7529965356846
-0.07831559904651	0.8365924179865
-0.08891366857745	1.108759893041
-0.08175869060423	0.9751236961715
-0.0827472387635	0.08045059216153
-0.08264174990716	0.08185738165816
-0.082169643206	0.2474494029556
-0.08264133711497	0.2432467208293
-0.07945483805884	0.610391821224
-0.07980800413328	0.5714869589795
-0.0816076954608	0.4068891810422
-0.08115144925022	0.4203813612341
-0.05236404696183	-2.254584764326
-0.09099880733541	-1.653976689169
-0.08205984442282	-1.246423864844
-0.09143421763341	-1.492620228364
-0.07818846001565	-0.7589304566552
-0.07693071247166	-0.8447611229674
-0.07615209975984	-1.109760445139
-0.07530469012308	-0.9816788237154
-0.08270950945711	-0.08132531485414
-0.08234486147944	-0.08295856131575
-0.08203708830608	-0.2489299952942
-0.08208862523516	-0.2445842633957
-0.07990776761091	-0.6160305074994
-0.08035729922597	-0.5752249043179
-0.08134413548746	-0.4087830711629
-0.08145102740658	-0.4233853097402
-0.2302267165813	2.032226708763
-0.2456464244144	1.834627195403
-0.2613121452771	1.273314930197
-0.2651875201741	1.415911593399
-0.2470923247488	0.7541548417996
-0.2469359703022	0.8338763138796
-0.2530324783609	1.092575440911
-0.2472099117345	0.970481536891
-0.2487219620841	0.08024227780019
-0.2486352760647	0.08192410957065
-0.2490281308965	0.2480465244303
-0.2489531216143	0.2442232999917
-0.2481193666042	0.6113242186314
-0.2483166043614	0.5740263674841
-0.2488861064918	0.4087465135712
-0.248954400791	0.4217367001452
-0.2364976370127	-2.030153701617
-0.2363971386673	-1.83471458497
-0.2423342421997	-1.269365187067
-0.2375057432236	-1.4129764134
-0.2470277875624	-0.7612839222388
-0.2472070279748	-0.8459376448452
-0.2484630630961	-1.103422186154
-0.2476095880207	-0.9812669657565
-0.2481945169902	-0.08189729977512
-0.2480997202014	-0.0839613451267
-0.2477663744843	-0.2504120156383
-0.2474585755841	-0.2459828367657
-0.246856751924	-0.618429562335
-0.2469708106941	-0.5775652920563
-0.2469767225018	-0.4107868389205
-0.2473457356591	-0.4254157708682
-0.1812376974117	2.467277196229
-0.2541163838066	1.663265868068
-0.2570838686123	1.240399500195
-0.2625665798873	1.50815069169
-0.2403069590349	0.7541661969741
-0.2398275241545	0.8334585819991
-0.2486965324068	1.102225780763
-0.2404121668008	0.9705510442811
-0.2444072234749	0.08041603887822
-0.2443147602655	0.08179790118584
-0.2443240187912	0.2482941975084
-0.2445107959932	0.2438478399463
-0.2418761461471	0.6111826634168
-0.2425539159295	0.5738940940304
-0.2439609823621	0.408518294583
-0.243575040282	0.4216410483346
-0.1765795882149	-2.481244205111
-0.2361961207916	-1.656093141533
-0.2387838303362	-1.244048199503
-0.2355508835276	-1.495513876533
-0.2410080083176	-0.7617066050003
-0.2409657383929	-0.846073148899
-0.2423323232156	-1.109072898685
-0.2413582713874	-0.9825134142267
-0.2437597448915	-0.08221352514267
-0.2438789844949	-0.08345234703565
-0.2428989156003	-0.2504499862272
-0.2431116654862	-0.2457094460926
-0.2413702626827	-0.6184969503247
-0.2414942555723	-0.5773309307642
-0.2423564312863	-0.4105943682978
-0.2420083280025	-0.4252925316094
-0.5809224699479	2.040202542795
-0.5810893835714	1.832415445479
-0.6009708939393	1.268077170748
-0.5966199818184	1.417298802537
-0.6337664770879	0.7604867546562
-0.6348659054389	0.8429771583046
-0.6314560084424	1.103155134568
-0.635078069102	0.9798431639388
-0.6117553569259	0.07897534017869
-0.611916102388	0.08049318523208
-0.6143249650457	0.2495990688659
-0.6139595000503	0.2449818694441
-0.6273003272796	0.6175867617085
-0.6256193495571	0.577777581857
-0.6185743245886	0.4113628125677
-0.6195785035974	0.4255305561746
-0.5977693086975	-1.973239106557
-0.5715006247602	-1.775955935985
-0.608474518469	-1.296005632854
-0.6041407390212	-1.459140268153
-0.6264855484188	-0.7646614458153
-0.6272489823817	-0.8528119365321
-0.6246432199155	-1.126565637562
-0.6269634981136	-0.9921422078879
-0.6116352434847	-0.0855856798936
-0.6119524901588	-0.08729909355256
-0.613438435258	-0.2555419573613
-0.61358462772	-0.2503303140994
-0.6223607755865	-0.6224349388063
-0.6210690046578	-0.5810387692255
-0.6166526872045	-0.4153329826163
-0.6170179257822	-0.4301758704359
-0.5344151819246	2.489405312215
-0.5930344277981	1.660857792173
-0.5628477967271	1.233470540484
-0.5856549095765	1.522510089884
-0.5804894135479	0.7603624949831
-0.5804812838984	0.8409188999562
-0.5748592112049	1.102124144558
-0.5794486600494	0.977395929779
-0.5739113699529	0.07905359247081
-0.5724244004468	0.08087694505193
-0.5737645772131	0.2496105391107
-0.5744939843795	0.2451445554347
-0.5785278997935	0.6173025641114
-0.5775710434736	0.5787865498788
-0.5757406943213	0.4115207775058
-0.5756926640869	0.4256542537688
-0.5443959131369	-2.474333459457
-0.523912743701	-1.648902184561
-0.5663588793717	-1.276418778419
-0.5460284683807	-1.504310375712
-0.5773807966111	-0.7635272721122
-0.5785063232963	-0.8514534753295
-0.5763708967676	-1.126404223696
-0.5791228012406	-0.9904011554944
-0.5722116248491	-0.08505948970405
-0.5726234727016	-0.08695060237639
-0.5726070088161	-0.2546191897108
-0.5711642313898	-0.2501548795617
-0.5747092557011	-0.6223068290582
-0.5735824487529	-0.5802561331791
-0.5713600350812	-0.4149123455647
-0.5730221642322	-0.42962945256
-0.4032920978081	2.045978420089
-0.4117586361497	1.83455748459
-0.4160032593382	1.27763248481
-0.4228114179545	1.417317142791
-0.4075321240767	0.7573722173105
-0.4069242979799	0.8351489960848
-0.4038509731866	1.085841416154
-0.4061312116469	0.9705541164362
-0.408475987809	0.07999614700203
-0.4082072108663	0.08138458890834
-0.4087398752085	0.2489314410235
-0.4088084393199	0.2446865521502
-0.4082476499762	0.6135949747063
-0.4083959235077	0.5766802927742
-0.4088063796374	0.4103651604999
-0.4087725787505	0.4235617273504
-0.4223954139919	-2.037839262969
-0.3956065481981	-1.828055219183
-0.4019538357975	-1.281885260015
-0.3854686649907	-1.418644008026
-0.4075125741854	-0.7625547859605
-0.4084345417569	-0.8481940407748
-0.4077915466156	-1.11091950218
-0.410329623945	-0.9855317864713
-0.4074345207879	-0.08335459771915
-0.4075431007623	-0.08500002700154
-0.406513769496	-0.2524117828437
-0.4064754486387	-0.2475980988291
-0.4060514199165	-0.6202373114522
-0.4058007221305	-0.578919676242
-0.4056314158711	-0.4126645438525
-0.4059048134082	-0.4274037005799
-0.375701410793	2.271994347272
-0.4144861533976	1.666525272137
-0.4252376033325	1.237399590273
-0.4220952754913	1.513425012911
-0.4288186568748	0.7576222305288
-0.4290497462448	0.8353869090286
-0.4231589909191	1.095829715886
-0.428701920457	0.9714728234685
-0.422051350782	0.07968170463567
-0.4218115759741	0.08158870408494
-0.4229873047331	0.2490700480534
-0.4230456226484	0.2448601199316
-0.4269820965349	0.6142648677688
-0.426660781203	0.5769802957789
-0.4246054283222	0.4106400723988
-0.424710611966	0.4238286152373
-0.3655462366648	-2.269047202614
-0.3800786649775	-1.654402561415
-0.4216349286225	-1.263356370431
-0.3958844097691	-1.480914453422
-0.4259890299647	-0.7631710908771
-0.4273136869384	-0.8480327581398
-0.4252310934135	-1.116524065687
-0.4289075656823	-0.9855102128765
-0.4213123261895	-0.08355859916333
-0.4213311084806	-0.08528397490474
-0.4213801150804	-0.2525777311646
-0.4209783239769	-0.2482009893892
-0.4237903806689	-0.6204876376202
-0.4231733567999	-0.5798434238842
-0.421620383723	-0.4131295739733
-0.4219103982931	-0.4279084973828
1.878635081511	1.951864983807
1.973201482083	1.678905185689
2.21096734208	1.207012982321
2.012356110339	1.425048797258
2.05420526223	0.728661237414
2.263218874357	0.8646314800932
1.932074258674	1.160738121808
1.986562832189	0.9755607571975
1.967054616061	0.12362622538
2.426620809789	0.2575659657098
1.942921164814	0.2559188406168
2.523135905116	-0.06462725994094
2.224194559189	0.5517490801089
2.462294564011	0.5847849808849
2.114704937081	0.3547354516169
1.991185318642	0.4679489157671
1.869043954425	-1.950333762654
1.979811944713	-1.660320696948
2.24167405384	-1.107878185668
2.070797713473	-1.394813831312
2.189500860256	-0.786768094767
2.444200135288	-0.725436196313
1.969394100541	-1.126670688716
1.959511679155	-0.9244854744482
2.027826334652	-0.01478748510784
2.240445426114	0.0653757478834
2.033036184679	-0.1939788088778
2.268833248748	-0.1667583423949
2.140732965943	-0.5717951004999
2.39136068761	-0.4380165797374
2.075297272151	-0.3784473864045
1.907106573582	-0.4308454823347
1.599562468525	2.054125767676
1.659811250007	1.742966334204
1.704875258334	1.314592025454
1.721610518736	1.512927227312
1.84279288619	0.729359098174
1.663989803564	0.7932673951965
1.713455755832	1.12530096383
1.727512724446	0.9523110572561
1.78228262905	0.09567409104565
1.638881148762	0.08652483266
1.772091596255	0.2626131025481
1.63072114043	0.2495230498395
1.761878669963	0.5868837659114
1.633344381024	0.6086850555983
1.759155181909	0.4266790079558
1.62670620739	0.4170113498534
1.574468159711	-2.014783757002
1.661587472449	-1.731269511107
1.744530567009	-1.308478173198
1.725293810558	-1.505759896742
1.640105339488	-0.7127073311469
1.734069016081	-0.8016393979733
1.737617668735	-1.121639626613
1.729602380971	-0.9531083758447
1.810129802689	-0.05009910187076
1.651397264398	-0.07331598164475
1.839741270358	-0.1822670850492
1.682209786004	-0.2298964136321
1.661600881412	-0.5904017698892
1.864937841996	-0.6556775629662
1.663370763366	-0.4577270679561
1.740306133476	-0.3815814752691
1.13753004032	2.273083909153
1.281522900387	1.692304962413
1.313793155504	1.310074161823
1.301556625809	1.49665228171
1.281443582149	0.7672967087044
1.285648645451	0.8751765088435
1.316891183888	1.143353414375
1.309612033523	1.004217783736
1.282845655078	0.07624317710448
1.260693335254	0.07802217445499
1.280853017042	0.2458891421946
1.261117384357	0.2418141709556
1.276006859331	0.6107453069787
1.253317823838	0.5684766026362
1.282909564052	0.4111894354763
1.260598758477	0.424320991452
1.270254303215	-2.202458290783
1.234761449905	-1.677592415406
1.329067374426	-1.290359712506
1.299469818579	-1.478661848477
1.294937256086	-0.7605729294661
1.308544130442	-0.8573854222836
1.330179221624	-1.131779436135
1.319752581039	-0.9972439019646
1.285978289066	-0.0858015394937
1.263334551857	-0.0873127163371
1.285818374702	-0.2460325100128
1.270707576435	-0.2447273340079
1.279408446153	-0.6236835377404
1.282642187292	-0.5664640508448
1.276469965936	-0.3933730066346
1.278158927526	-0.4149503851657
1.335933026239	2.059488615767
1.433554360413	1.796078068194
1.500237337946	1.313950331616
1.49308626614	1.51915159122
1.415194105056	0.7555874009884
1.490960981439	0.8270071257758
1.507038388062	1.132355408472
1.501484609177	0.9806232062326
1.423259184807	0.07699319754797
1.489672834734	0.08053072740183
1.420545212669	0.2451409522097
1.482993753654	0.2436363885836
1.420621468643	0.6144988054729
1.495877311971	0.5935602274297
1.421788970141	0.4158113690173
1.480791090757	0.4223179341284
1.339278146056	-1.937483154354
1.433135138542	-1.715540295427
1.520291874989	-1.302916896101
1.49453633641	-1.498026466423
1.482763367024	-0.7420204726356
1.481768362259	-0.8491038104413
1.525248644628	-1.12913820291
1.51717808582	-0.9809246890698
1.430849732536	-0.08324077531395
1.500672078668	-0.08162576367722
1.450212436179	-0.2447636827473
1.504985015419	-0.2390884377128
1.463350136963	-0.5963457470977
1.425159967884	-0.5580874691896
1.484618175729	-0.4105684084151
1.458737505225	-0.4113822115667
0.6881547298896	2.031116291133
0.751282403197	1.831577305922
0.7550886182025	1.291187761897
0.7513318267469	1.441195094855
0.762453615009	0.7703631854352
0.7607354511573	0.8675844972259
0.7552468295714	1.140919168671
0.7578499769066	1.006315890392
0.7581700610224	0.08043779723729
0.7588323301177	0.08247366713835
0.7599725716667	0.2497448849358
0.7595395328366	0.2434998013318
0.7629129195846	0.6292332832287
0.7638836773416	0.5785619159199
0.7620775631433	0.4084096090248
0.762093255451	0.4280063971602
0.8364799210397	-2.074005648914
0.8679465961687	-1.840246738052
0.7558520990344	-1.275365882149
0.7561463159442	-1.409859704736
0.7626852971824	-0.7682593982704
0.7602617528246	-0.8615022600451
0.7533359331762	-1.130148141941
0.7561612791824	-0.9990567922333
0.7589943547701	-0.08085714327441
0.7584882711817	-0.08304333615175
0.7606719261311	-0.2504190142238
0.7599144278839	-0.2447810731988
0.7637212436666	-0.6269796991413
0.7641093407704	-0.5791911486237
0.7621586124374	-0.4101696167116
0.7628090973804	-0.4282617315152
0.7786599639364	2.277885170259
0.813631835733	1.672903455754
0.861980410077	1.291900951213
0.8373403814297	1.482737176367
0.854965406389	0.771920995375
0.8556714280751	0.8694371722962
0.859202679056	1.141062593247
0.8569909600249	1.007574578483
0.8462630669252	0.08002608859142
0.8458408098791	0.08221176284229
0.8472510112395	0.2490010106569
0.8470110769699	0.2427586041263
0.8527750223751	0.6308152878071
0.8524259481462	0.5786319329892
0.8492845630019	0.4077463467101
0.8495634491606	0.4279906931631
0.6687833976006	-2.390366087266
0.8274638041149	-1.639773782709
0.8657969826214	-1.271840688422
0.8309817548964	-1.462664598648
0.8576281845462	-0.7701971683963
0.8574266309591	-0.8637520710237
0.859770168653	-1.126729922182
0.8572167763427	-0.9999711525991
0.8459670196623	-0.08072807367188
0.8458457281036	-0.08311140684606
0.8473473057534	-0.2505642868213
0.847040341191	-0.2444643508429
0.8556049132049	-0.6288105641595
0.8548735865299	-0.5799489517851
0.8503567910576	-0.4100707191004
0.8509991199657	-0.4288194181324
1.098273649252	1.915133424022
1.109927623467	1.705826666164
1.143576483023	1.30716194817
1.128978890547	1.48990284412
1.12962155725	0.770650610493
1.133158597994	0.8729455164243
1.146302609348	1.147250356347
1.139450431346	1.011767056919
1.11421468403	0.0775327141948
1.118941072646	0.0791912815858
1.113955346944	0.2476002736035
1.119349766867	0.2416752023482
1.118092470603	0.6312732126885
1.117405976762	0.5758339587921
1.111014797497	0.4027154986301
1.115412006474	0.4223839065581
1.064240999223	-2.036350366416
1.064625144732	-1.794570046224
1.152730305407	-1.281167587336
1.145149407581	-1.440917656817
1.137108010386	-0.768831921942
1.143085259543	-0.8649637774082
1.154766211823	-1.13184413629
1.152057974726	-1.000665266854
1.113337920189	-0.08348285431384
1.118305647393	-0.08512117780178
1.113625539273	-0.2494801244483
1.116926791572	-0.2426056906033
1.129243560084	-0.6267385831944
1.126682232022	-0.5735543981292
1.118828275821	-0.4047850748738
1.120974290733	-0.4242562356065
0.9473894894659	2.046881663275
0.9568227673046	1.693773343461
0.9977665406537	1.302775353756
0.9843672014085	1.486782012007
0.9941122498422	0.7730156831688
0.9959483368843	0.8715571638038
1.000861664555	1.144034693764
0.9984787417318	1.00967815397
0.9852370300225	0.07914585787774
0.9842301765529	0.08124458343796
0.9848205870715	0.2471166045778
0.9849652002325	0.2407080586114
0.9901382565718	0.6324534632367
0.9895085847051	0.5781480169138
0.9859455449267	0.4055260274885
0.9863039998683	0.4269282490091
0.9585678344621	-2.339048113921
0.9918263130422	-1.622593456584
0.9997340632342	-1.280788046082
0.9972414624811	-1.456970084042
0.9984831451779	-0.7711001248613
0.9999856468896	-0.8657360100237
1.004667130558	-1.126889832019
1.002825699639	-1.000632658547
0.9840250174539	-0.08134179418099
0.9837806710156	-0.08349245791723
0.9848180382573	-0.2501099293063
0.98434025185	-0.2440040631304
0.9948611861142	-0.6298824888395
0.9933353665433	-0.5788964914207
0.9879684849852	-0.4086867576361
0.9886676010418	-0.4285203260235
0.121091086269	2.019509071201
0.05789834676347	1.809106085539
0.06024023460754	1.282334207319
0.04547315812041	1.422282260536
0.08572910254301	0.7537537328091
0.08402620865519	0.842015455183
0.07378910092355	1.11255061891
0.08014207947017	0.9814375122395
0.08088557104634	0.08017864954483
0.08113244376937	0.0817932007361
0.08180090594403	0.246807147724
0.08159302474596	0.2427046612929
0.08482994825742	0.6115988063863
0.08475675008543	0.5697007809294
0.08303557842732	0.4056395069925
0.0830472279907	0.4199523235235
0.1192911269294	-2.010263355456
0.06733527818153	-1.813274447621
0.07798659728667	-1.283097270704
0.060762632652	-1.422270749458
0.08573555742264	-0.7560490855172
0.08713159637604	-0.8438395360408
0.08887772022556	-1.11516356324
0.08982057594022	-0.9834119867769
0.0809087063217	-0.08103611376176
0.08092212293713	-0.0827378015363
0.08118305907757	-0.2481630738676
0.08134330890596	-0.2438242229074
0.08358463758867	-0.6136322830184
0.08338875038038	-0.572950098152
0.08196501065923	-0.4074210215553
0.08210256644496	-0.4218851781441
0.2081683237197	2.239795925478
0.03962135241917	1.64574009041
0.06530341460784	1.261859911896
0.04483572573971	1.486216270507
0.08741094464626	0.7537450152597
0.08609590174659	0.8420372650572
0.07490537141578	1.117782075563
0.08205825831398	0.9813365592275
0.08277203221833	0.08029328209095
0.08260273147927	0.08178255134139
0.08339254373941	0.2472147448264
0.08342851777888	0.2425145962834
0.08688500228507	0.6112388950225
0.08639906721542	0.5710497900211
0.08460221991564	0.4059035713088
0.08512030542973	0.4201217294934
0.1882220126743	-2.226335418473
0.04971674709422	-1.648350860079
0.08346304448052	-1.264946478508
0.0601417693152	-1.482175556903
0.0874019124647	-0.7556288666139
0.088867998108	-0.8436457430788
0.09002841896733	-1.119799605245
0.09144666284885	-0.9828956756249
0.08258255979937	-0.08110013750765
0.08256996998545	-0.08256589509359
0.08308005387739	-0.2482490780906
0.08287277539599	-0.2435722703627
0.08574943922309	-0.6138184738323
0.08489139829604	-0.5718695941433
0.08375427277686	-0.4071699596329
0.08386365408232	-0.4217173944759
0.2508434154029	1.934012548216
0.2139776981434	1.76087236414
0.2293483084995	1.29072281542
0.2201708127208	1.445797451504
0.2526071400974	0.7560463479325
0.2504002001859	0.8478857910624
0.2404525996525	1.122542641385
0.2456752375168	0.9876057880103
0.2493207783387	0.08014457432969
0.2490780067665	0.08168322368343
0.2502004673316	0.2471061216455
0.2500823656751	0.2425291354184
0.2526066360209	0.6145199195406
0.2530655935706	0.5707749370923
0.2516286796833	0.4056271066943
0.2516565587424	0.4210018657993
0.2615774815496	-1.938891289561
0.2326070417933	-1.754498958872
0.247637050789	-1.29885443083
0.2419530475064	-1.45740677725
0.2529467132009	-0.7543460991075
0.2526062704587	-0.8442200330037
0.2518366755051	-1.12378583147
0.251747736626	-0.9848480475
0.2491515253208	-0.08093464449594
0.2489311020248	-0.08287243806257
0.2496499118382	-0.2481344301769
0.2495225654716	-0.2434025858617
0.2520106480133	-0.6131997586778
0.2519113094598	-0.5708991768031
0.2504623683048	-0.406625657553
0.2508197412302	-0.4212985104662
0.1418482391423	2.504199196432
0.1896444539344	1.643876386204
0.2256633920185	1.27638251414
0.2046590471083	1.489582745605
0.2474118230922	0.7567813917357
0.2453553670349	0.847476512797
0.2339897790126	1.12557822089
0.240354758251	0.9867908020901
0.2443744024228	0.08004226915709
0.2446977165476	0.08183889796853
0.2454549899265	0.2473024927243
0.2453628318673	0.2424527896541
0.2481464699795	0.6142917936734
0.2478533868415	0.5715362365459
0.2466115749297	0.4058450847343
0.2470156460527	0.4210386512297
0.1679821024947	-2.497440276885
0.1872378339802	-1.643529682871
0.2448369089136	-1.284649141864
0.219543129656	-1.49279420372
0.2479051309628	-0.7549940724357
0.247869456964	-0.8440829843377
0.2474796595883	-1.128019755712
0.2473154670558	-0.9842680399507
0.2442181741862	-0.08121960029673
0.2444824103678	-0.08254943446057
0.2448501627214	-0.2479758385295
0.2447693199529	-0.2436034278874
0.2471161936951	-0.6130523899222
0.2467637213844	-0.5717784024426
0.2457785213943	-0.4067432532999
0.2457570578018	-0.4214134771808
0.4934223429787	2.153153620991
0.6124439094896	1.661515086749
0.6063239846373	1.289218921269
0.6095647074507	1.458447900569
0.6212056681368	0.7662875428717
0.6196178872874	0.8623951500098
0.6133483371989	1.136909583857
0.6167764685404	1.001713844615
0.6163019792617	0.08035024943029
0.616386836296	0.08259425884325
0.6177109329846	0.2492886535014
0.6175536054565	0.2436917963793
0.62131836123	0.624860868876
0.6215953684274	0.5763825174952
0.6196030110499	0.4080046425289
0.6200333513256	0.4261705643952
0.6211008782197	-2.076411053326
0.7087199015308	-1.850215251914
0.5994373401362	-1.288458406502
0.61938124607	-1.440131142343
0.6213840329498	-0.7634094044675
0.6190983234189	-0.8560186066596
0.6107019053877	-1.127404949547
0.6146066085423	-0.9948126323862
0.6166572733377	-0.08100147987218
0.6164704842201	-0.08299860871089
0.6181572424194	-0.2496555803846
0.6181281210546	-0.2442345649085
0.6220436972581	-0.6215200889899
0.6222322874011	-0.5761523664702
0.6203490473256	-0.4087978388842
0.62058801783	-0.4254218846476
0.4766713763321	2.400586447561
0.6016404360529	1.655749392212
0.5542604522691	1.288672295862
0.5634212007925	1.468824631568
0.5761991682431	0.7651185434835
0.5732644506784	0.8606862719076
0.561324955224	1.135426353083
0.5678409009311	0.999860204539
0.574561954961	0.08046280775921
0.574896140209	0.08242827570947
0.5759100081297	0.2492562975711
0.5756890320188	0.243642824166
0.5775129776454	0.623540017539
0.5785287220015	0.5760045585954
0.5775625862377	0.4079222515556
0.5772238236617	0.4257496187252
0.4286552703105	-2.28239950911
0.651235383805	-1.677969694176
0.5564603724118	-1.275640160481
0.6071559944709	-1.514412888832
0.5760461402722	-0.761660231339
0.5731460021948	-0.8539444134683
0.5618702963645	-1.128779808063
0.5675801578959	-0.9928423332731
0.5746993102199	-0.0812241993182
0.5751505861579	-0.08292103962391
0.5767728547025	-0.249355177589
0.575551838963	-0.2443102000794
0.5774550802019	-0.6200154588349
0.5784099801502	-0.5749172972684
0.577240020619	-0.4083589658342
0.5779620407881	-0.4247408156689
0.4067722987662	1.977548684137
0.3847764476472	1.673393345863
0.3868224462727	1.293966465515
0.3823954296589	1.469536762857
0.4104310171124	0.7601293028313
0.4075046391743	0.8536467891751
0.3946087612032	1.129009892393
0.4016540436927	0.9928963683648
0.4088951337327	0.0801617433696
0.4089054728633	0.08199431067584
0.4098965092286	0.2481492682463
0.4097712332377	0.2428198566272
0.4116211414399	0.6184824377252
0.4120200536472	0.5731297990377
0.4110555332323	0.4067448802125
0.4113602108431	0.4228947261924
0.4237881575257	-2.006300167883
0.3771773800792	-1.686743535267
0.4057320423138	-1.305610438306
0.4089193738173	-1.488686283669
0.4107574912534	-0.7568557877471
0.4087514928009	-0.8476697001424
0.400395782201	-1.124499891398
0.404748542427	-0.9876858255575
0.4088334110106	-0.08129023587642
0.4088816664717	-0.08272975511799
0.4097943822178	-0.248345495236
0.4094253419123	-0.2438769201929
0.4112331306383	-0.6151697141638
0.4115134659303	-0.5723535071051
0.4105947754182	-0.4070670951424
0.4108936911566	-0.4223004599516
0.4654883579555	1.861829544312
0.4077267496847	1.675193347723
0.4077816439819	1.289303855956
0.4019567650384	1.475924559643
0.4266555602967	0.7609904307309
0.424369169717	0.8547590342034
0.4127187915551	1.131691634828
0.4195034565414	0.9942742474478
0.4236381784845	0.08027607646908
0.4237974381143	0.08196013080814
0.4248110303731	0.2481510646856
0.4246766922069	0.2430338492233
0.4273619954831	0.6190939551232
0.4275984833501	0.5734751840211
0.4263884862237	0.4066634788869
0.4263010511209	0.4234337866108
0.4722829962544	-1.865167638777
0.4802180866199	-1.704519609833
0.4176340749078	-1.292922637721
0.4329962040858	-1.499499852388
0.426776465001	-0.7572486020769
0.4249315196259	-0.8483866753737
0.4154900939602	-1.128111683597
0.4208448114958	-0.9880354596626
0.4236884285906	-0.08103083247782
0.4237335816509	-0.08300553190471
0.4247956821144	-0.2487126526601
0.4246184787905	-0.2436219523835
0.4272301089525	-0.615661083504
0.4273653476534	-0.5723925330456
0.4261384807565	-0.4071229560145
0.426295442667	-0.4225652707795
